line0	db	0,0
;1
	db	0,0,0,0,0,0,0,0,0,0
	db	0,0,0,0,0,0,0,0,0,0
;2
	db	0,0,0,0,0,0,0,0,0,0
	db	0,0,0,0,0,0,0,0,0,0
;3
	db	0,0,0,0,0,0,0,0,0,0
	db	0,0,0,0,0,0,0,0,0,0
;4
	db	0,0,0,0,0,0,0,0,0,0
	db	0,0,0,0,0,0,0,0,0,0
;5
	db	0,0,0,0,0,0,0,0,0,0
	db	0,0,0,0,0,0,0,0,0,0
;6
	db	0,0,0,0,0,0,0,0,0,0
	db	0,0,0,0,0,$03,1,1,1,1
;7
	db	1,1,1,1,1,1,1,1,1,1
	db	1,1,1,1,1,1,1,1,1,1
;8
	db	1,1,1,1,1,1,1,1,1,1
	db	1,1,1,1,1,1,1,1,1,1
;9
	db	1,1,1,1,1,1,1,1,1,1
	db	1,1,1,1,1,1,1,1,1,$17
;10
	db	0,0,0,0,0,0,0,0,0,0
	db	0,0,0,0,$9e,$9f,0,0,0,0
;11
	db	0,0,0,0,0,0,0,0,0,0
	db	0,0,0,0,0,0,0,0,0,0
;12
	db	$9e,$9f,0,0,0,0,0,0,0,0
	db	0,0,0,0,0,0,0,0,0,0
;13
	db	0,0,0,0,$9e,$9f,0,0,0,0
	db	0,0,0,0,0,0,0,0,0,0
;14
	db	0,0,0,0,0,0,0,$9e,$9f,0
	db	0,0,0,0,0,0,0,0,0,0
;15
	db	1,1,1,1,1,1,1,1,1,1
	db	1,1,1,1,1,1,1,1,1,1
;16
	db	1,1,1,1,1,0,0,0,0,0
	db	0,0,0,0,0,1,1,1,1,1
;17
	db	1,1,1,1,1,1,1,0,0,0
	db	0,0,0,0,0,0,0,0,1,1
;18
	db	1,1,1,1,1,1,1,1,1,1
	db	1,1,1,1,1,1,1,1,1,1
;19
	db	1,1,1,1,1,1,1,1,1,1
	db	1,1,1,1,1,1,1,1,1,1
;20
	db	1,1,1,1,1,1,1,1,1,1
	db	0,0,0,0,0,0,0,0,0,0
;21
	db	0,0,0,0,0,0,0,0,0,0
	db	0,0,0,0,0,0,0,0,0,0
;22
	db	0,0,0,0,0,0,0,0,0,0
	db	0,0,0,0,0,0,0,0,0,0
;23
	db	1,0,0,0,0,0,0,0,0,0
	db	0,1,0,0,0,0,0,0,0,1
;24
	db	0,0,0,0,0,0,1,0,0,0
	db	0,0,1,0,0,0,0,0,1,1
;25
	db	1,1,1,1,1,1,1,1,1,1
	db	1,1,1,1,1,1,1,1,1,1
;26
	db	1,1,1,1,1,1,1,1,1,1
	db	1,1,1,1,1,1,1,1,1,1
;27
	db	1,1,1,1,1,1,1,1,1,1
	db	1,1,1,1,1,1,1,1,1,1
;28
	db	$13,$1a,0,0,0,0,0,0,0,0
	db	0,0,0,0,0,0,0,0,0,0
;29
	db	0,0,0,0,0,$0f,1,1,1,1
	db	1,1,1,1,1,1,1,1,1,1
;30
	db	1,1,1,1,1,1,1,1,1,1
	db	1,1,1,1,1,1,1,1

	ds	line0+scrlen-*

line1	db	0,0
;1
	db	0,0,0,0,0,0,0,0,0,0
	db	0,0,0,0,0,0,0,0,0,0
;2
	db	0,0,0,0,0,0,0,0,0,0
	db	0,0,0,0,0,0,0,0,0,0
;3
	db	0,0,0,0,0,0,0,0,0,0
	db	0,0,0,0,0,0,0,0,0,0
;4
	db	0,0,0,0,0,0,0,0,0,0
	db	0,0,0,0,0,0,0,0,0,0
;5
	db	0,0,0,0,0,0,0,0,0,0
	db	0,0,0,0,0,0,0,0,0,0
;6
	db	0,0,0,0,0,0,0,0,0,0
	db	0,0,0,0,$16,1,1,1,1,1
;7
	db	1,1,1,1,1,1,1,1,$60,$05
	db	1,1,1,1,1,1,1,1,1,1
;8
	db	1,1,1,1,1,1,1,1,1,1
	db	1,1,1,1,1,1,1,1,1,1
;9
	db	$17,$60,$1b,1,1,1,1,1,1,$19
	db	$10,$12,$1b,1,$60,$05,1,1,$19,$06
;10
	db	0,0,0,0,0,0,0,0,0,0
	db	0,0,0,0,0,0,0,0,0,0
;11
	db	0,0,0,0,0,0,0,0,0,0
	db	0,0,0,0,0,0,0,0,0,0
;12
	db	0,0,0,0,0,0,0,0,0,0
	db	0,0,0,0,0,0,0,0,0,0
;13
	db	0,0,0,0,0,0,0,0,0,0
	db	0,0,0,0,0,0,0,0,0,0
;14
	db	0,0,0,0,0,0,0,0,0,0
	db	0,0,0,0,0,0,0,0,0,0
;15
	db	1,1,1,1,1,1,1,1,1,1
	db	1,1,1,1,$61,1,1,1,1,1
;16
	db	1,1,$61,1,1,0,0,0,0,0
	db	0,0,0,0,0,1,1,1,1,1
;17
	db	$61,1,1,1,1,1,1,0,0,0
	db	0,0,0,0,0,0,0,0,1,1
;18
	db	1,1,1,1,1,1,1,1,1,1
	db	$60,0,0,0,0,1,1,1,1,1
;19
	db	1,1,$60,1,1,1,1,$61,1,1
	db	1,1,$60,1,1,1,1,$61,1,1
;20
	db	1,1,1,1,1,1,1,1,1,1
	db	0,0,0,0,0,0,0,0,0,0
;21
	db	0,0,0,0,0,0,0,0,0,0
	db	0,0,0,0,0,0,0,0,0,0
;22
	db	0,0,0,0,0,0,0,0,0,0
	db	0,0,0,0,0,0,0,0,0,0
;23
	db	1,0,0,0,0,0,0,0,0,0
	db	0,1,0,0,0,0,0,0,0,1
;24
	db	0,0,0,0,0,0,0,0,0,0
	db	0,0,0,0,0,0,0,0,0,0
;25
	db	0,0,0,0,$05,1,1,1,1,1
	db	1,1,1,1,1,1,1,1,1,1
;26
	db	1,1,1,$0e,0,0,0,$14,1,1
	db	1,1,1,1,1,$0b,$10,0,0,0
;27
	db	0,0,$14,1,1,1,1,1,1,1
	db	1,1,1,1,1,1,1,1,1,1
;28
	db	1,1,$02,0,0,0,0,0,0,0
	db	0,0,0,0,0,0,0,0,0,0
;29
	db	0,0,0,0,$03,1,1,1,1,1
	db	1,1,1,1,1,1,1,1,$60,1
;30
	db	1,1,$60,1,1,1,1,1,1,1
	db	1,1,1,1,1,1,1,1

	ds	line1+scrlen-*

line2	db	1,1
;1
	db	1,1,$13,$0c,0,0,0,0,0,0
	db	0,0,0,0,0,0,0,0,0,0
;2
	db	0,0,0,0,0,0,0,0,0,0
	db	0,0,0,0,0,0,0,0,$0a,$11
;3
	db	1,1,$02,0,0,0,0,0,0,0
	db	0,0,0,0,0,0,0,0,0,0
;4
	db	0,0,0,0,0,0,0,0,0,0
	db	0,0,0,0,0,0,0,$0a,$11,1
;5
	db	1,1,$1c,0,0,0,0,0,0,0
	db	0,0,0,0,0,0,0,0,0,0
;6
	db	0,0,0,0,0,0,0,0,0,0
	db	0,0,0,0,$0f,1,1,1,1,1
;7
	db	1,1,1,1,1,1,$0b,$10,0,0
	db	$12,$1b,1,1,1,1,1,1,1,1
;8
	db	1,1,1,1,1,1,1,1,1,1
	db	1,1,1,1,1,1,1,1,$17,0
;9
	db	0,0,0,0,0,$08,$1b,$19,$10,0
	db	0,0,0,0,0,0,0,0,0,0
;10
	db	0,0,0,0,0,0,0,0,0,0
	db	0,0,0,0,0,0,0,0,0,0
;11
	db	0,0,0,0,0,0,0,0,$03,1
	db	1,$15,0,0,0,0,0,0,0,0
;12
	db	0,0,0,0,0,0,0,0,0,0
	db	0,0,0,0,0,0,0,0,$0f,1
;13
	db	1,$15,0,0,0,0,0,0,0,0
	db	0,0,0,0,0,0,0,0,0,0
;14
	db	0,0,0,0,0,0,0,0,0,0
	db	$03,1,$13,$1a,0,0,0,0,0,0
;15
	db	0,0,0,0,0,0,0,1,1,1
	db	1,1,1,1,0,1,1,1,1,0
;16
	db	0,0,0,0,0,0,0,0,1,1
	db	1,1,0,0,0,1,1,1,1,1
;17
	db	0,1,1,1,1,1,1,0,0,0
	db	0,0,1,1,1,0,0,0,1,1
;18
	db	1,1,1,1,1,1,1,1,1,1
	db	0,0,0,0,0,0,0,0,1,1
;19
	db	0,0,0,0,0,0,0,0,0,0
	db	0,0,0,0,0,0,0,0,0,0
;20
	db	1,1,1,1,1,1,1,0,0,0
	db	0,0,0,0,0,0,0,0,0,0
;21
	db	0,0,0,0,0,0,0,$18,$0c,0
	db	0,0,0,0,0,0,0,0,0,0
;22
	db	0,0,0,0,0,$16,1,1,1,$02
	db	0,0,0,0,0,0,0,0,0,0
;23
	db	1,0,0,0,0,0,0,0,0,0
	db	0,1,0,0,0,0,0,0,0,1
;24
	db	0,0,0,0,0,0,1,0,1,0
	db	1,0,1,0,1,0,1,0,1,0
;25
	db	1,$13,$0c,0,0,$1d,1,1,1,1
	db	1,1,1,1,1,1,1,1,1,1
;26
	db	1,1,$04,0,0,0,0,0,$12,$06
	db	0,$14,1,1,1,$0e,0,0,0,0
;27
	db	0,0,0,$05,1,1,1,1,1,1
	db	1,1,1,1,1,1,1,1,1,1
;28
	db	1,1,1,$02,0,0,0,0,0,0
	db	0,0,0,0,0,0,0,0,0,0
;29
	db	0,0,0,0,$1d,1,1,1,1,1
	db	1,1,1,$0b,$10,0,0,0,0,0
;30
	db	0,0,0,0,0,0,0,0,0,0
	db	0,0,0,1,1,1,1,1

	ds	line2+scrlen-*

line3	db	1,1
;1
	db	1,1,1,$15,0,0,0,0,0,0
	db	0,0,0,0,0,0,0,0,0,0
;2
	db	0,0,0,0,0,0,0,0,0,0
	db	0,0,0,0,0,0,0,0,$0f,1
;3
	db	1,1,1,0,0,0,0,0,0,0
	db	0,0,0,0,0,0,0,0,0,0
;4
	db	0,0,0,0,0,0,0,0,0,0
	db	0,0,0,0,0,0,0,$0f,1,1
;5  
	db	1,1,$09,$0c,0,0,0,0,0,0
	db	0,0,0,0,0,0,0,0,0,0
;6
	db	0,0,0,0,0,0,0,0,0,0
	db	0,0,0,0,$1d,1,1,1,1,1
;7
	db	1,1,1,1,1,1,$0e,0,0,0
	db	0,0,$05,1,1,1,1,1,1,1
;8
	db	1,1,1,1,1,1,1,1,1,1
	db	1,1,1,1,1,1,$04,$12,$06,0
;9
	db	0,0,0,0,0,0,0,0,0,0
	db	$18,$11,0,$13,$07,0,0,0,1,$02
;10
	db	0,0,0,0,0,0,0,0,0,0
	db	0,0,0,0,0,0,0,0,0,0
;11
	db	0,0,0,0,0,$0a,$0c,0,1,1
	db	1,1,0,0,0,0,0,0,0,0
;12
	db	0,0,0,0,0,0,0,0,0,0
	db	0,0,0,0,0,0,0,$03,1,1
;13
	db	1,1,0,0,0,0,0,0,0,0
	db	0,0,0,0,0,0,0,0,0,0
;14
	db	0,0,0,0,0,$0a,$1a,0,0,$16
	db	1,1,1,1,1,1,1,1,1,1
;15
	db	1,1,1,0,0,0,0,1,1,1
	db	1,1,1,1,0,1,1,1,1,0
;16
	db	0,0,0,0,0,0,0,0,1,1
	db	1,1,0,0,0,1,1,1,1,1
;17
	db	0,1,1,1,1,1,1,0,0,0
	db	0,0,1,1,1,0,0,0,1,1
;18
	db	1,1,$60,1,1,1,1,1,1,1
	db	1,1,0,0,0,1,1,1,1,1
;19
	db	0,0,0,0,0,0,0,0,0,0
	db	0,0,0,0,0,0,0,0,0,0
;20
	db	1,1,1,1,0,0,0,0,0,0
	db	1,1,1,1,1,0,0,0,0,0
;21
	db	0,0,0,0,0,0,$16,1,1,1
	db	$15,0,0,0,0,0,0,0,0,0
;22
	db	0,0,0,0,0,$0f,1,1,1,1
	db	0,0,0,0,0,0,0,0,0,0
;23
	db	1,0,0,0,0,0,0,0,0,0
	db	0,1,0,0,0,0,0,0,0,1
;24
	db	0,0,0,0,0,0,1,0,1,0
	db	1,0,1,0,1,0,1,0,1,1
;25
	db	1,1,$15,0,0,$14,1,1,1,1
	db	$04,0,$1d,1,$0e,0,$05,1,1,1
;26
	db	1,$17,0,0,0,0,0,0,0,0
	db	0,0,$1d,1,$04,0,0,0,0,0
;27
	db	0,0,0,0,$12,$06,0,0,$1d,1
	db	1,1,1,1,1,1,1,1,1,1
;28
	db	1,1,1,1,$1c,0,0,0,$0a,$1a
	db	0,0,0,0,0,0,0,0,0,0
;29
	db	0,0,0,0,$08,$1b,1,1,1,1
	db	$04,$12,$1b,$0e,0,0,0,0,0,0
;30
	db	0,0,0,0,0,0,0,0,0,0
	db	0,0,0,1,1,1,1,1

	ds	line3+scrlen-*

line4	db	1,1
;1
	db	1,1,1,1,$13,$0c,0,0,0,0
	db	0,0,0,0,0,0,0,0,0,0
;2
	db	0,0,0,0,0,0,0,0,0,0
	db	0,0,0,0,0,0,0,$16,1,1
;3
	db	1,1,1,$15,0,0,0,0,0,0
	db	0,0,0,0,0,0,0,0,0,0
;4
	db	0,0,0,0,0,0,0,0,0,0
	db	0,0,0,0,$0a,$0c,0,1,1,1
;5
	db	1,1,1,$15,0,0,0,0,0,0
	db	0,0,0,0,0,0,0,0,0,0
;6
	db	0,0,0,0,0,0,0,0,0,0
	db	0,0,0,0,$08,$1b,1,1,1,1
;7
	db	1,1,1,1,1,$17,0,0,$16,$15
	db	0,0,0,1,1,1,1,1,1,1
;8
	db	1,1,1,1,1,1,1,1,1,1
	db	1,1,1,$17,$08,$10,0,0,0,0
;9
	db	0,0,0,0,0,0,0,0,0,$03
	db	1,1,0,1,1,0,0,0,1,1
;10
	db	$1c,0,0,0,0,0,0,0,0,0
	db	0,0,0,0,0,0,0,0,0,0
;11
	db	$18,$0c,0,0,0,$0f,1,1,1,1
	db	1,1,$15,0,0,0,0,0,0,0
;12
	db	0,0,0,0,0,0,0,0,0,0
	db	0,0,0,0,$16,1,1,1,1,1
;13
	db	1,1,0,0,0,0,0,0,0,0
	db	0,0,0,0,0,0,0,0,0,0
;14
	db	0,0,0,0,0,$0f,1,1,1,1
	db	1,1,1,1,1,1,1,1,1,1
;15
	db	1,1,1,0,0,0,0,1,1,1
	db	1,1,1,1,0,1,1,1,1,0
;16
	db	0,0,0,0,0,0,0,0,1,1
	db	1,1,0,0,0,1,1,1,1,1
;17
	db	0,1,1,1,1,1,1,0,0,0
	db	0,0,1,1,1,0,0,0,0,0
;18
	db	0,0,0,0,0,0,0,0,0,0
	db	0,0,0,0,0,0,0,0,0,0
;19
	db	0,0,0,0,0,0,0,0,0,0
	db	0,0,0,0,0,0,0,0,0,0
;20
	db	1,0,0,0,0,0,0,1,1,1
	db	1,1,1,1,1,0,0,0,0,0
;21
	db	0,0,0,0,0,0,$0f,1,1,1
	db	1,0,0,0,0,0,0,0,0,0
;22
	db	0,0,0,0,0,1,1,1,1,1
	db	$15,0,0,0,0,0,0,0,0,0
;23
	db	1,0,0,0,0,0,0,0,0,0
	db	0,0,0,0,0,0,0,0,0,1
;24
	db	0,0,0,$0a,$1a,0,1,0,1,0
	db	1,0,1,0,1,0,1,1,1,1
;25
	db	1,1,1,0,0,0,1,1,1,$17
	db	0,0,0,0,0,0,0,$08,$10,0
;26
	db	0,0,0,0,0,0,0,0,0,0
	db	0,0,0,0,0,0,0,0,0,0
;27
	db	0,0,0,0,0,0,0,0,$08,$10
	db	0,0,0,$05,1,1,1,1,1,1
;28
	db	1,1,1,1,$0e,0,0,0,$0f,1
	db	1,1,1,1,$1c,0,0,0,0,0
;29
	db	0,0,0,0,0,0,$12,$1b,$19,$10
	db	0,0,0,0,0,0,0,0,0,0
;30
	db	0,0,0,0,0,0,0,0,0,0
	db	0,0,0,1,1,1,1,1

	ds	line4+scrlen-*

