line5	db	1,1
;1
	db	1,1,1,1,1,$15,0,0,0,0
	db	0,0,0,0,0,0,0,0,0,0
;2
	db	0,0,0,0,0,0,0,0,0,0
	db	0,0,0,0,$0a,$1a,0,$0f,1,1
;3
	db	1,1,1,1,$02,0,0,0,0,0
	db	0,0,0,0,0,0,0,0,0,0
;4
	db	0,0,0,0,0,0,0,0,$18,$0c
	db	0,0,0,0,$0f,1,1,1,1,1
;5
	db	1,1,1,1,$1c,0,0,0,0,0
	db	0,0,0,0,0,0,0,0,0,0
;6
	db	0,0,0,0,0,0,0,0,0,0
	db	0,0,0,0,0,0,$12,$0d,1,1
;7
	db	1,1,1,1,1,$0e,0,0,$0f,1
	db	0,0,0,1,1,1,1,1,1,1
;8
	db	1,$60,$05,1,1,1,1,1,1,1
	db	1,1,1,$0e,0,0,0,0,0,0
;9
	db	0,0,0,$0f,1,0,1,1,0,1
	db	1,1,0,1,1,0,1,1,1,1
;10
	db	$15,0,0,0,0,0,0,0,0,0
	db	0,0,0,0,0,0,0,0,$18,$11
;11
	db	1,$15,0,0,0,1,1,1,1,1
	db	1,1,1,0,0,0,0,0,0,0
;12
	db	0,0,0,0,0,0,0,$03,1,$1c
	db	0,0,0,0,$0f,1,1,1,1,1
;13
	db	1,1,$15,0,0,0,0,0,0,0
	db	0,0,0,0,0,0,0,0,0,0
;14
	db	0,0,0,0,0,1,1,1,1,1
	db	1,1,1,1,1,1,1,1,1,1
;15
	db	1,1,1,0,0,0,0,1,1,1
	db	1,1,1,1,0,1,1,1,1,0
;16
	db	0,0,0,0,0,0,1,0,1,1
	db	1,1,0,0,0,1,1,1,1,1
;17
	db	0,1,1,1,1,1,1,0,0,0
	db	0,0,1,1,1,1,1,1,1,1
;18
	db	1,1,1,0,0,0,1,1,1,1
	db	1,1,1,1,1,1,1,1,1,1
;19
	db	0,0,0,0,0,0,0,0,0,0
	db	0,0,0,0,0,0,0,0,0,0
;20
	db	0,0,0,0,1,1,1,1,1,1
	db	1,1,1,1,1,0,0,0,0,0
;21
	db	0,0,0,0,0,$16,1,1,1,1
	db	1,$15,0,0,0,0,0,0,0,0
;22
	db	0,0,0,0,$0f,1,1,1,1,1
	db	1,0,0,0,0,0,0,0,0,0
;23
	db	1,0,0,0,0,0,0,0,0,0
	db	0,1,0,0,0,0,0,0,0,1
;24
	db	0,0,0,$0f,1,1,1,0,1,0
	db	1,0,1,0,1,1,1,1,1,1
;25
	db	1,1,1,0,0,0,1,1,1,$0e
	db	0,0,0,0,0,0,0,0,0,0
;26
	db	0,0,0,0,0,0,0,0,0,0
	db	0,0,0,0,0,0,0,0,0,0
;27
	db	0,0,0,0,0,0,0,0,0,0
	db	0,0,0,0,$12,$1b,1,1,1,1
;28
	db	1,1,1,$04,0,0,0,0,1,1
	db	1,1,1,1,$15,0,0,0,0,0
;29
	db	0,0,0,0,0,0,0,0,0,0
	db	0,0,0,0,0,0,0,0,0,0
;30
	db	0,0,0,0,0,0,0,0,0,0
	db	0,0,0,0,0,0,1,1

	ds	line5+scrlen-*

line6	db	1,1
;1
	db	1,1,1,1,1,1,0,0,0,0
	db	0,0,0,0,0,0,0,0,$18,$0c
;2
	db	0,0,0,0,0,0,0,0,0,0
	db	0,0,0,0,$0f,1,1,1,1,1
;3
	db	1,1,1,1,1,0,0,0,0,0
	db	0,0,0,0,0,0,0,0,0,0
;4
	db	0,0,0,0,0,0,0,$16,1,1
	db	1,1,1,1,1,1,1,1,1,1
;5
	db	1,1,1,1,$15,0,$0a,$1a,0,0
	db	0,0,0,0,0,0,0,0,0,0
;6
	db	0,0,0,0,0,0,0,0,0,0
	db	0,0,0,0,0,0,0,$14,1,1
;7
	db	1,1,1,1,$17,0,0,$16,1,1
	db	0,0,0,1,1,1,1,1,$19,$0d
;8
	db	$19,$06,0,$12,$0d,1,1,1,1,1
	db	1,1,$04,0,0,0,0,0,0,0
;9
	db	0,0,$03,1,1,0,1,1,0,1
	db	1,1,0,1,1,0,1,1,1,1
;10
	db	1,0,0,0,0,0,0,0,0,0
	db	0,0,0,0,0,0,0,0,1,1
;11
	db	1,1,$13,$11,1,1,1,1,1,1
	db	1,1,1,$15,0,0,0,$0a,$1a,0
;12
	db	0,0,0,0,0,0,0,1,1,$15
	db	0,0,0,$03,1,1,1,1,1,1
;13
	db	1,1,1,$1c,0,0,0,0,$0a,$1a
	db	0,0,0,0,0,0,0,0,0,0
;14
	db	0,0,0,0,$0f,1,1,1,1,1
	db	1,1,1,1,1,1,1,1,1,1
;15
	db	1,1,1,0,0,0,0,1,1,1
	db	1,1,0,0,0,0,0,0,0,0
;16
	db	0,0,0,0,0,0,1,0,1,1
	db	1,1,0,0,0,1,1,1,1,1
;17
	db	0,1,1,1,1,1,1,0,0,0
	db	0,0,1,1,1,1,1,1,1,1
;18
	db	1,1,1,0,0,0,1,1,1,1
	db	1,1,1,1,1,1,1,1,1,1
;19
	db	0,0,0,0,0,0,0,0,0,0
	db	0,0,0,0,0,0,0,0,0,0
;20
	db	1,1,1,1,1,1,1,1,1,1
	db	1,1,1,1,1,0,0,0,0,0
;21
	db	$0a,$1a,0,0,0,$0f,1,1,1,1
	db	1,1,$02,$18,$0c,0,0,0,0,0
;22
	db	0,0,0,0,1,1,1,1,1,1
	db	1,$15,0,0,0,0,0,0,0,0
;23
	db	0,0,0,0,0,0,0,$0a,$1a,0
	db	0,1,0,0,0,0,0,0,0,1
;24
	db	0,0,$16,1,1,1,1,0,1,0
	db	1,0,1,1,1,1,1,1,1,1
;25
	db	1,1,1,0,0,0,1,1,$04,0
	db	0,0,0,0,0,0,0,0,0,0
;26
	db	0,0,0,0,0,0,0,0,0,0
	db	0,0,0,0,0,0,0,0,0,0
;27
	db	0,0,0,0,0,0,0,0,0,0
	db	0,0,0,0,0,0,$05,1,1,1
;28
	db	1,1,$04,0,0,0,0,$0f,1,1
	db	1,1,1,1,1,$1c,0,0,0,0
;29
	db	0,0,0,0,0,0,0,0,0,0
	db	0,0,$0a,$1a,0,0,0,0,0,0
;30
	db	0,0,0,0,0,0,0,0,0,0
	db	0,0,0,1,1,1,1,1

	ds	line6+scrlen-*

line7	db	1,1
;1
	db	1,1,1,1,1,1,$15,0,0,0
	db	0,0,0,0,0,0,0,0,1,1
;2
	db	1,1,1,1,1,0,0,0,0,0
	db	0,0,0,$0f,1,1,1,1,1,1
;3
	db	1,1,1,1,1,$15,0,0,0,0
	db	0,0,$0a,$0c,0,0,0,0,0,0
;4
	db	0,0,0,0,0,0,0,$0f,1,1
	db	1,1,1,1,1,1,1,1,1,1
;5
	db	1,1,1,1,1,1,1,1,1,1
	db	1,1,$02,0,0,0,0,0,0,0
;6
	db	0,0,0,0,0,0,0,0,0,0
	db	0,0,0,0,0,0,0,0,0,0
;7
	db	0,$12,$0d,1,$0e,0,0,$0f,1,1
	db	$1c,0,0,$05,1,1,$19,$06,0,0
;8
	db	0,0,0,0,0,0,0,$12,$0d,1
	db	$0b,$10,0,0,0,0,0,0,$18,$0c
;9
	db	0,$16,1,1,1,0,1,1,0,1
	db	1,1,1,1,1,0,1,1,1,1
;10
	db	1,$15,0,0,0,0,0,0,0,0
	db	0,0,0,0,0,0,0,$0f,1,1
;11
	db	1,1,1,1,1,1,1,1,1,1
	db	1,1,1,1,$1c,0,0,$0f,1,1
;12
	db	1,$02,0,0,0,0,$0f,1,1,1
	db	1,1,1,1,1,1,1,1,1,1
;13
	db	1,1,1,$15,0,0,0,0,$0f,1
	db	1,1,1,1,1,$15,0,0,0,0
;14
	db	0,0,0,$03,1,1,1,1,1,1
	db	1,1,1,1,1,1,1,1,1,1
;15
	db	1,1,1,0,0,0,0,1,1,1
	db	1,1,0,0,0,0,1,1,1,1
;16
	db	1,1,0,1,1,1,1,1,1,1
	db	1,1,0,0,0,0,0,0,0,0
;17
	db	0,0,1,1,1,1,1,0,0,0
	db	0,0,1,1,1,1,1,1,1,1
;18
	db	1,1,1,0,0,0,0,0,0,1
	db	1,1,1,1,1,1,1,1,1,1
;19
	db	0,0,0,0,0,0,0,0,0,0
	db	0,0,0,0,0,0,0,0,0,0
;20
	db	1,1,1,1,1,1,1,1,1,1
	db	1,1,1,1,1,0,0,0,0,0
;21
	db	$0f,1,1,1,1,1,1,1,1,1
	db	1,1,1,1,1,1,1,1,$15,0
;22
	db	0,0,0,$0f,1,1,1,1,1,1
	db	1,1,$1c,0,0,0,0,0,0,0
;23
	db	1,0,0,0,$18,$0c,0,$0f,1,1
	db	1,1,0,0,0,0,0,0,0,1
;24
	db	0,0,$14,1,1,1,1,0,1,0
	db	1,1,1,1,1,1,1,1,1,1
;25
	db	1,1,1,$1c,0,0,$12,$10,0,0
	db	0,0,0,0,0,0,0,0,0,0
;26
	db	0,0,0,0,0,0,0,0,0,0
	db	0,0,0,0,0,0,0,0,0,0
;27
	db	0,0,0,0,0,0,0,0,0,0
	db	0,0,0,0,0,0,0,$12,$1b,1
;28
	db	$19,$10,0,0,0,0,$03,1,1,1
	db	1,1,1,1,1,$15,0,0,$18,$0c
;29
	db	0,0,0,0,0,0,0,0,0,0
	db	0,0,$0f,1,1,1,$13,$0c,0,$18
;30
	db	$0c,0,0,0,0,0,0,0,$0a,$1a
	db	0,$18,$11,1,1,1,1,1





; Score headings

schead	db	'@@@@'

	db	'@@'
up1	db	$c0,$f0,$ec,$e1,$f9,$e5
	db	$f2,$c0,$d1,$c3,'@@@'
	db	'high@score'
	db	'@@@'
up2	db	'@player@R@'
	db	'@@@@@'

	db	'@@@@'


; Players' scores

score	db	0,0

	db	0
score1	db	$10,$10,$10,$10,$10,0
hiscore	db	$d0,$d0,$d0,$d0,$d0,$d0,0
score2	db	$d0,$d0,$d0,$d0,$d0,0

	db	0,0


; Air left line

air	db	0,0

	db	0,$e1,$e9,$f2,$da
airchr	db	$c6,$c6,$c6,$c6,$c6
	db	$c6,$c6,$c6,$c6,$c6
	db	$c6,$c6,$c6,$c8,0

	db	0,0





; BREAK UP SCREEN MEMORY HERE!

; BECAUSE CONTIGUOUS SCREEN MEMORY
; CAN'T CROSS A 4K BOUNDARY!!!

	org	$3000+offset
	loc	$3000+develop

line8	db	1,1
;1
	db	1,1,1,1,1,1,1,$13,0,0
	db	0,0,0,0,0,0,$18,$07,1,1
;2
	db	1,1,1,1,1,$09,$1a,0,0,0
	db	0,0,$03,1,1,1,1,1,1,1
;3
	db	1,1,1,1,1,1,$02,0,0,0
	db	0,$18,$07,1,1,1,1,1,1,1
;4
	db	1,1,1,1,1,1,1,1,1,1
	db	1,1,1,1,1,1,1,1,1,1
;5
	db	1,1,1,1,1,1,1,1,1,1
	db	1,1,1,1,$1c,0,0,0,0,0
;6
	db	0,0,0,0,0,0,0,0,0,0
	db	0,0,0,0,$03,1,1,1,1,$02
;7
	db	0,0,$08,$10,0,0,$16,1,1,1
	db	$15,0,0,0,0,0,0,0,0,$18
;8
	db	$11,1,1,$02,0,0,0,0,0,0
	db	0,0,0,0,0,0,0,$16,1,1
;9
	db	1,1,1,1,1,1,1,1,0,1
	db	1,1,1,1,1,0,1,1,1,1
;10
	db	1,1,1,1,1,1,1,$02,0,0
	db	0,0,0,0,0,0,$03,1,1,1
;11
	db	1,1,1,1,1,1,1,1,1,1
	db	1,1,1,1,$09,$11,1,1,1,1
;12
	db	1,1,$1c,0,0,$03,1,1,1,1
	db	1,1,1,1,1,1,1,1,1,1
;13
	db	1,1,1,1,$15,0,0,$03,1,1
	db	1,1,1,1,1,1,$02,0,0,0
;14
	db	0,$18,$11,1,1,1,1,1,1,1
	db	1,1,1,1,1,1,1,1,1,1
;15
	db	1,1,1,0,0,0,0,0,0,0
	db	0,0,0,0,0,0,1,1,1,1
;16
	db	1,1,0,1,1,1,1,1,1,1
	db	1,1,1,1,1,1,1,1,0,0
;17
	db	0,0,1,1,1,1,1,0,0,0
	db	0,0,1,1,1,1,1,1,1,1
;18
	db	1,1,1,0,0,0,1,1,1,1
	db	1,1,1,1,1,1,1,1,1,1
;19
	db	0,0,0,0,0,0,0,0,0,0
	db	0,0,0,0,0,0,0,0,0,0
;20
	db	1,1,1,1,1,1,1,1,1,1
	db	1,1,1,1,1,0,0,$18,$11,1
;21
	db	1,1,1,1,1,1,1,1,1,1
	db	1,1,1,1,1,1,1,1,1,$1c
;22
	db	0,0,$03,1,1,1,1,1,1,1
	db	1,1,$15,0,0,0,0,0,0,0
;23
	db	1,0,0,$03,1,1,1,1,1,1
	db	1,1,0,0,0,$0a,$1a,0,0,0
;24
	db	0,0,$16,1,1,1,1,0,1,1
	db	1,1,1,1,1,1,1,1,1,1
;25
	db	1,1,1,$09,$1a,0,0,0,0,0
	db	0,0,0,0,0,0,0,$18,$0c,0
;26
	db	0,0,0,0,0,0,0,0,0,0
	db	0,0,0,0,0,0,$0f,1,1,1
;27
	db	1,1,1,1,1,1,1,1,1,1
	db	1,1,1,$13,$1a,0,0,0,0,0
;28
	db	0,0,0,0,$18,$11,1,1,1,1
	db	1,1,1,1,1,1,1,1,1,1
;29
	db	1,1,1,1,1,1,1,1,1,1
	db	1,1,1,1,1,1,1,1,1,1
;30
	db	1,1,1,$02,0,0,0,0,$0f,1
	db	1,1,1,1,1,1,1,1

	ds	line8+scrlen-*

line9	db	1,1
;1
	db	1,1,1,1,1,1,1,1,1,1
	db	1,1,1,1,1,1,1,1,1,1
;2
	db	1,1,1,1,1,1,1,1,1,1
	db	1,1,1,1,1,1,1,1,1,1
;3
	db	1,1,1,1,1,1,1,1,1,1
	db	1,1,1,1,1,1,1,1,1,1
;4
	db	1,1,1,1,1,1,1,1,1,1
	db	1,1,1,1,1,1,1,1,1,1
;5
	db	1,1,1,1,1,1,1,1,1,1
	db	1,1,1,1,1,1,1,1,1,1
;6
	db	1,1,$09,$1a,0,0,0,0,0,$03
	db	1,1,1,1,1,1,1,1,1,1
;7
	db	$13,$1a,0,0,0,$18,$07,1,1,1
	db	1,$13,$1a,$18,$11,1,1,1,1,1
;8
	db	1,1,1,1,1,1,1,1,1,1
	db	1,1,$09,$1a,0,0,$0a,$07,1,1
;9
	db	1,1,1,1,1,1,1,1,1,1
	db	1,1,1,1,1,1,1,1,1,1
;10
	db	1,1,1,1,1,1,1,1,1,1
	db	1,1,1,1,1,1,1,1,1,1
;11
	db	1,1,1,1,1,1,1,1,1,1
	db	1,1,1,1,1,1,1,1,1,1
;12
	db	1,1,1,1,1,1,1,1,1,1
	db	1,1,1,1,1,1,1,1,1,1
;13
	db	1,1,1,1,1,1,1,1,1,1
	db	1,1,1,1,1,1,1,1,1,1
;14
	db	1,1,1,1,1,1,1,1,1,1
	db	1,1,1,1,1,1,1,1,1,1
;15
	db	1,1,1,1,1,1,1,1,1,1
	db	1,1,1,1,0,1,1,1,1,1
;16
	db	1,1,0,1,1,1,1,1,1,1
	db	1,1,1,1,1,1,1,1,0,0
;17
	db	0,0,0,0,0,0,0,0,0,0
	db	0,0,1,1,1,1,1,1,1,1
;18
	db	1,1,1,1,1,1,1,1,1,1
	db	1,1,1,1,1,1,1,1,1,1
;19
	db	0,0,0,0,0,0,0,0,0,0
	db	0,0,0,0,0,0,0,0,0,0
;20
	db	1,1,1,1,1,1,1,1,1,1
	db	1,1,1,1,1,1,1,1,1,1
;21
	db	1,1,1,1,1,1,1,1,1,1
	db	1,1,1,1,1,1,1,1,1,1
;22
	db	1,1,1,1,1,1,1,1,1,1
	db	1,1,1,1,1,1,1,1,1,1
;23
	db	1,1,1,1,1,1,1,1,1,1
	db	1,1,$18,$0c,$0f,1,1,1,1,1
;24
	db	1,1,1,1,1,1,1,1,1,1
	db	1,1,1,1,1,1,1,1,1,1
;25
	db	1,1,1,1,1,$13,$1a,0,0,0
	db	0,0,0,0,0,$18,$07,1,1,1
;26
	db	1,1,1,1,$13,$1a,0,0,0,0
	db	0,0,0,0,0,$03,1,1,1,1
;27
	db	1,1,1,1,1,1,1,1,1,1
	db	1,1,1,1,1,1,1,1,1,1
;28
	db	1,1,1,1,1,1,1,1,1,1
	db	1,1,1,1,1,1,1,1,1,1
;29
	db	1,1,1,1,1,1,1,1,1,1
	db	1,1,1,1,1,1,1,1,1,1
;30
	db	1,1,1,1,1,1,1,1,1,1
	db	1,1,1,1,1,1,1,1

	ds	line9+scrlen-*
