10000 .BYTE 4,1,18,15,12,9,6,3,17
10005 .BYTE 14,11,8,5,2,16,13,10,7
10010 .BYTE 22,19,36,33,30,27,24,21,35
10015 .BYTE 32,29,26,23,20,34,31,28,25
10020 .BYTE 40,37,54,51,48,45,42,39,53
10025 .BYTE 50,47,44,41,38,52,49,46,43
10030 .BYTE 58,55,72,69,66,63,60,57,71
10035 .BYTE 68,65,62,59,56,70,67,64,61
10040 .BYTE 76,73,90,87,84,81,78,75,89
10045 .BYTE 86,83,80,77,74,88,85,82,79
10050 .BYTE 94,91,108,105,102,99,96,93,107
10055 .BYTE 104,101,98,95,92,106,103,100,97
10060 .BYTE 112,109,126,123,120,117,114,111,125
10065 .BYTE 122,119,116,113,110,124,121,118,115
10070 .BYTE 130,127,144,141,138,135,132,129,143
10075 .BYTE 140,137,134,131,128,142,139,136,133
10080 .BYTE 148,145,162,159,156,153,150,147,161
10085 .BYTE 158,155,152,149,146,160,157,154,151
10090 .BYTE 166,163,180,177,174,171,168,165,179
10095 .BYTE 176,173,170,167,164,178,175,172,169
10100 .BYTE 184,181,198,195,192,189,186,183,197
10105 .BYTE 194,191,188,185,182,196,193,190,187
10110 .BYTE 202,199,216,213,210,207,204,201,215
10115 .BYTE 212,209,206,203,200,214,211,208,205
10120 .BYTE 220,217,234,231,228,225,222,219,233
10125 .BYTE 230,227,224,221,218,232,229,226,223
10130 .BYTE 238,235,252,249,246,243,240,237,251
10135 .BYTE 248,245,242,239,236,250,247,244,241
