line5	db	1,1
;1
	db	1,1,1,1,1,$15,0,0,0,0
	db	0,0,0,0,0,0,0,0,0,0
;2
	db	0,0,0,0,0,0,0,0,0,0
	db	0,0,0,0,$0a,$1a,0,$0f,1,1
;3
	db	1,1,1,1,$02,0,0,0,0,0
	db	0,0,0,0,0,0,0,0,0,0
;4
	db	0,0,0,0,0,0,0,0,$18,$0c
	db	0,0,0,0,$0f,1,1,1,1,1
;5
	db	1,1,1,1,$1c,0,0,0,0,0
	db	0,0,0,0,0,0,0,0,0,0
;6
	db	0,0,0,0,0,0,0,0,0,0
	db	0,0,0,0,0,0,$12,$0d,1,1
;7
	db	1,1,1,1,1,$0e,0,0,$0f,1
	db	0,0,0,1,1,1,1,1,1,1
;8
	db	1,$60,$05,1,1,1,1,1,1,1
	db	1,1,1,$0e,0,0,0,0,0,0
;9
	db	0,0,0,$0f,1,0,1,1,0,1
	db	1,1,0,1,1,0,1,1,1,1
;10
	db	$15,0,0,0,0,0,0,0,0,0
	db	0,0,0,0,0,0,0,0,$18,$11
;11
	db	1,$15,0,0,0,1,1,1,1,1
	db	1,1,1,0,0,0,0,0,0,0
;12
	db	0,0,0,0,0,0,0,$03,1,$1c
	db	0,0,0,0,$0f,1,1,1,1,1
;13
	db	1,1,$15,0,0,0,0,0,0,0
	db	0,0,0,0,0,0,0,0,0,0
;14
	db	0,0,0,0,0,1,1,1,1,1
	db	1,1,1,1,1,1,1,1,1,1
;15
	db	1,1,1,0,0,0,0,1,1,1
	db	1,1,1,1,0,1,1,1,1,0
;16
	db	0,0,0,0,0,0,1,0,1,1
	db	1,1,0,0,0,1,1,1,1,1
;17
	db	0,1,1,1,1,1,1,0,0,0
	db	0,0,1,1,1,1,1,1,1,1
;18
	db	1,1,1,0,0,0,1,1,1,1
	db	1,1,1,1,1,1,1,1,1,1
;19
	db	0,0,0,0,0,0,0,0,0,0
	db	0,0,0,0,0,0,0,0,0,0
;20
	db	0,0,0,0,1,1,1,1,1,1
	db	1,1,1,1,1,0,0,0,0,0
;21
	db	0,0,0,0,0,$16,1,1,1,1
	db	1,$15,0,0,0,0,0,0,0,0
;22
	db	0,0,0,0,$0f,1,1,1,1,1
	db	1,0,0,0,0,0,0,0,0,0
;23
	db	1,0,0,0,0,0,0,0,0,0
	db	0,1,0,0,0,0,0,0,0,1
;24
	db	0,0,0,$0f,1,1,1,0,1,0
	db	1,0,1,0,1,0,1,0,1,0
;25
	db	1,1,1,0,0,0,1,1,1,$0e
	db	0,0,0,0,0,0,0,0,0,0
;26
	db	0,0,0,0,0,0,0,0,0,0
	db	0,0,0,0,0,0,0,0,0,0
;27
	db	0,0,0,0,0,0,0,0,0,0
	db	0,0,0,0,$12,$1b,1,1,1,1
;28
	db	1,1,1,$04,0,0,0,0,1,1
	db	1,1,1,1,$15,0,0,0,0,0
;29
	db	0,0,0,0,0,0,0,0,0,0
	db	0,0,0,0,0,0,0,0,0,0
;30
	db	0,0,0,0,0,0,0,0,0,0
	db	0,0,0,0,0,0,1,1


line6	db	1,1
;1
	db	1,1,1,1,1,1,0,0,0,0
	db	0,0,0,0,0,0,0,0,$18,$0c
;2
	db	0,0,0,0,0,0,0,0,0,0
	db	0,0,0,0,$0f,1,1,1,1,1
;3
	db	1,1,1,1,1,0,0,0,0,0
	db	0,0,0,0,0,0,0,0,0,0
;4
	db	0,0,0,0,0,0,0,$16,1,1
	db	1,1,1,1,1,1,1,1,1,1
;5
	db	1,1,1,1,$15,0,$0a,$1a,0,0
	db	0,0,0,0,0,0,0,0,0,0
;6
	db	0,0,0,0,0,0,0,0,0,0
	db	0,0,0,0,0,0,0,$14,1,1
;7
	db	1,1,1,1,$17,0,0,$16,1,1
	db	0,0,0,1,1,1,1,1,$19,$0d
;8
	db	$19,$06,0,$12,$0d,1,1,1,1,1
	db	1,1,$04,0,0,0,0,0,0,0
;9
	db	0,0,$03,1,1,0,1,1,0,1
	db	1,1,0,1,1,0,1,1,1,1
;10
	db	1,0,0,0,0,0,0,0,0,0
	db	0,0,0,0,0,0,0,0,1,1
;11
	db	1,1,$13,$11,1,1,1,1,1,1
	db	1,1,1,$15,0,0,0,$0a,$1a,0
;12
	db	0,0,0,0,0,0,0,1,1,$15
	db	0,0,0,$03,1,1,1,1,1,1
;13
	db	1,1,1,$1c,0,0,0,0,$0a,$1a
	db	0,0,0,0,0,0,0,0,0,0
;14
	db	0,0,0,0,$0f,1,1,1,1,1
	db	1,1,1,1,1,1,1,1,1,1
;15
	db	1,1,1,0,0,0,0,1,1,1
	db	1,1,0,0,0,0,0,0,0,0
;16
	db	0,0,0,0,0,0,1,0,1,1
	db	1,1,0,0,0,1,1,1,1,1
;17
	db	0,1,1,1,1,1,1,0,0,0
	db	0,0,1,1,1,1,1,1,1,1
;18
	db	1,1,1,0,0,0,1,1,1,1
	db	1,1,1,1,1,1,1,1,1,1
;19
	db	0,0,0,0,0,0,0,0,0,0
	db	0,0,0,0,0,0,0,0,0,0
;20
	db	1,1,1,1,1,1,1,1,1,1
	db	1,1,1,1,1,0,0,0,0,0
;21
	db	$0a,$1a,0,0,0,$0f,1,1,1,1
	db	1,1,$02,$18,$0c,0,0,0,0,0
;22
	db	0,0,0,0,1,1,1,1,1,1
	db	1,$15,0,0,0,0,0,0,0,0
;23
	db	0,0,0,0,0,0,0,$0a,$1a,0
	db	0,1,0,0,0,0,0,0,0,1
;24
	db	0,0,$16,1,1,1,1,0,1,0
	db	1,0,1,0,1,0,1,0,1,0
;25
	db	1,1,1,0,0,0,1,1,$04,0
	db	0,0,0,0,0,0,0,0,0,0
;26
	db	0,0,0,0,0,0,0,0,0,0
	db	0,0,0,0,0,0,0,0,0,0
;27
	db	0,0,0,0,0,0,0,0,0,0
	db	0,0,0,0,0,0,$05,1,1,1
;28
	db	1,1,$04,0,0,0,0,$0f,1,1
	db	1,1,1,1,1,$1c,0,0,0,0
;29
	db	0,0,0,0,0,0,0,0,0,0
	db	0,0,$0a,$1a,0,0,0,0,0,0
;30
	db	0,0,0,0,0,0,0,0,0,0
	db	0,0,0,1,1,1,1,1


line7	db	1,1
;1
	db	1,1,1,1,1,1,$15,0,0,0
	db	0,0,0,0,0,0,0,0,1,1
;2
	db	1,1,1,1,1,0,0,0,0,0
	db	0,0,0,$0f,1,1,1,1,1,1
;3
	db	1,1,1,1,1,$15,0,0,0,0
	db	0,0,$0a,$0c,0,0,0,0,0,0
;4
	db	0,0,0,0,0,0,0,$0f,1,1
	db	1,1,1,1,1,1,1,1,1,1
;5
	db	1,1,1,1,1,1,1,1,1,1
	db	1,1,$02,0,0,0,0,0,0,0
;6
	db	0,0,0,0,0,0,0,0,0,0
	db	0,0,0,0,0,0,0,0,0,0
;7
	db	0,$12,$0d,1,$0e,0,0,$0f,1,1
	db	$1c,0,0,$05,1,1,$19,$06,0,0
;8
	db	0,0,0,0,0,0,0,$12,$0d,1
	db	$0b,$10,0,0,0,0,0,0,$18,$0c
;9
	db	0,$16,1,1,1,0,1,1,0,1
	db	1,1,1,1,1,0,1,1,1,1
;10
	db	1,$15,0,0,0,0,0,0,0,0
	db	0,0,0,0,0,0,0,$0f,1,1
;11
	db	1,1,1,1,1,1,1,1,1,1
	db	1,1,1,1,$1c,0,0,$0f,1,1
;12
	db	1,$02,0,0,0,0,$0f,1,1,1
	db	1,1,1,1,1,1,1,1,1,1
;13
	db	1,1,1,$15,0,0,0,0,$0f,1
	db	1,1,1,1,1,$15,0,0,0,0
;14
	db	0,0,0,$03,1,1,1,1,1,1
	db	1,1,1,1,1,1,1,1,1,1
;15
	db	1,1,1,0,0,0,0,1,1,1
	db	1,1,0,0,0,0,1,1,1,1
;16
	db	1,1,0,1,1,1,1,1,1,1
	db	1,1,0,0,0,0,0,0,0,0
;17
	db	0,0,1,1,1,1,1,0,0,0
	db	0,0,1,1,1,1,1,1,1,1
;18
	db	1,1,1,0,0,0,0,0,0,1
	db	1,1,1,1,1,1,1,1,1,1
;19
	db	0,0,0,0,0,0,0,0,0,0
	db	0,0,0,0,0,0,0,0,0,0
;20
	db	1,1,1,1,1,1,1,1,1,1
	db	1,1,1,1,1,0,0,0,0,0
;21
	db	$0f,1,1,1,1,1,1,1,1,1
	db	1,1,1,1,1,1,1,1,$15,0
;22
	db	0,0,0,$0f,1,1,1,1,1,1
	db	1,1,$1c,0,0,0,0,0,0,0
;23
	db	1,0,0,0,$18,$0c,0,$0f,1,1
	db	1,1,0,0,0,0,0,0,0,1
;24
	db	0,0,$14,1,1,1,1,0,1,0
	db	1,0,1,0,1,0,1,0,1,0
;25
	db	1,1,1,$1c,0,0,$12,$10,0,0
	db	0,0,0,0,0,0,0,0,0,0
;26
	db	0,0,0,0,0,0,0,0,0,0
	db	0,0,0,0,0,0,0,0,0,0
;27
	db	0,0,0,0,0,0,0,0,0,0
	db	0,0,0,0,0,0,0,$12,$1b,1
;28
	db	$19,$10,0,0,0,0,$03,1,1,1
	db	1,1,1,1,1,$15,0,0,$18,$0c
;29
	db	0,0,0,0,0,0,0,0,0,0
	db	0,0,$0f,1,1,1,$13,$0c,0,$18
;30
	db	$0c,0,0,0,0,0,0,0,$0a,$1a
	db	0,$18,$11,1,1,1,1,1


; BREAK UP SCREEN MEMORY HERE!
; BECAUSE CONTIGUOUS SCREEN MEMORY
; CAN'T CROSS A 4K BOUNDARY!!!





; Headings

	assert	*=[$2e10+develop]

schead	db	'@@@@'

	db	'@@'
up1	db	'@Q@up@',$7e,$7f,$5a
sleft1	db	'S'
	db	'@@@high@score@@@'
up2	db	'@R@up@',$7e,$7f,$5a
sleft2	db	'S@@'

	db	'@@@@'


; Players' scores

score	db	0,0

	db	0
score1	db	$d0,$d0,$d0,$d0,$d0,0
hiscore	db	$d0,$d0,$d0,$d0,$d0,$d0,0
score2	db	$d0,$d0,$d0,$d0,$d0,0

	db	0,0


; Air left line

air	db	0,0

	db	0,$e1,$e9,$f2,$da
airchr	db	$cd,$cd,$cd,$cd,$cd
	db	$cd,$cd,$cd,$cd,$cd
	db	$cd,$cd,$cd,$cd,0

	db	0,0





; Mine tables and miscellany

	assert	*=[$2e70+develop]

; Frequency of fine scroll
spdtbl	db	5,4,3,2

; Frequency for mine release
freq	db	$f8,$f0,$e8,$e0

; Sub image masks
sub1.1	db	$ff,$f5,$f5,$f5,$f5
sub1.2	db	$fe,$f4,$f4,$f4,$f4
; Sub colors per player
subclr	db	$08,$0e

; Front screen memory line pointers
fslo	db	low fr0,low fr1,low fr2,low fr3
	db	low fr4,low fr5,low fr6,low fr7
	db	low fr8,low fr9
fshi	db	high fr0,high fr1,high fr2,high fr3
	db	high fr4,high fr5,high fr6,high fr7
	db	high fr8,high fr9

; Display memory line pointers
lptrlo	db	low line0,low line1,low line2,low line3
	db	low line4,low line5,low line6,low line7
	db	low line8,low line9

lptrhi	db	high line0,high line1,high line2,high line3
	db	high line4,high line5,high line6,high line7
	db	high line8,high line9

; Restart offsets from start of lines
dofslo	db	$00,$48,$a8,$09,$7e,$18
dofshi	db	$00,$00,$00,$01,$01,$02
; Restart MPTRs
mptrtbl	db	1,32,58,98,131,202
; Restart sub XPOS and YPOS
rstx	db	48,114,114,114,114,114
rsty	db	62,62,84,62,62,62

; Mine movement queue YPOS
qypos	db	0,0,0,0,0,0,0,0
; Mine queue mine #'s
queue	db	0,0,0,0,0,0,0,0

; Missile set character masks
mslchr	db	%0001_0011,%0100_1100
; Missile clear character masks
clrchr	db	%1100_1100,%0011_0011

; Powers of 10 for ASCII conversion
pwr10l	db	low 10000,low 1000
	db	low 100,low 10,low 1
pwr10h	db	high 10000,high 1000
	db	high 100,high 10,high 1

; Sonar sound volumes
sonvol	db	0,0,0,0,0,0,0,0
	db	0,0,0,1,0,1,0,2
	db	0,2,0,3,0,4,0,6





; YPOS of Mines/Stalactites
; Fits between lines 7 and 8 of display
;   memory

	assert	*=[$2f00+develop]

mtbly
	db	6,3,8,8,8,2,4,6,6,6,4,2,8,8,6,5
	db	1,1,2,8,8,8,7,5,7,7,7,7,3,7,5,3
	db	5,4,1,2,6,6,4,7,3,8,8,8,9,2
	db	9,9,8,4,7,9,8,8,7,7,7,8,6,8,6,2

	db	7,7,4,8,8,8,6,5,3,1,1,2,7,6
	db	3,8,6,4,2,6,4,3,3,1,1,2,8,6,6
	db	3,6,4,8,8,2,5,1,2,2,8,8,8,8
	db	8,6,6,6,6,6,7,7,7,9,9,4,4,7,2,9

	db	9,9,9,9,9,9,9,9,9,9,5,5,4,4,3,3
	db	2,1,2,7,6,6,2,2,1,6,6,5,8,6,2,1
	db	1,3,2,8,4,8,8,5,8,7,5,8,8,8,8,8
	db	8,8,8,8,9,3,4,9,3,4,4,8,1,1,9,5

	db	2,9,4,6,5,1,1,7,1,7,5,3,7,4,7,4
	db	8,5,3,1,3,3,3,7,7,6,7,7,5,6,5


nummin	=	*-mtbly





; Indirect vectors to players score
;   screen memory locations
sclocl	db	low score1,low score2
scloch	db	high score1,high score2
; Buffer for ASCII conversion
scorbuf	db	0,0,0,0,0,0

; Sub data
p0fig	db	0,0
	db	$00,$00,$01,$01
	db	$01,$3f,$3f,$3f
	db	$3f,$3f,$1f,$0f
p1fig	db	0,0
	db	$20,$e0,$a0,$e0
	db	$e0,$ff,$ff,$fb
	db	$fe,$fc,$f8,$e0
	db	0,0





; SCREEN MEMORY CONTINUES HERE

	assert	*=[$3000+develop]

line8	db	1,1
;1
	db	1,1,1,1,1,1,1,$13,0,0
	db	0,0,0,0,0,0,$18,$07,1,1
;2
	db	1,1,1,1,1,$09,$1a,0,0,0
	db	0,0,$03,1,1,1,1,1,1,1
;3
	db	1,1,1,1,1,1,$02,0,0,0
	db	0,$18,$07,1,1,1,1,1,1,1
;4
	db	1,1,1,1,1,1,1,1,1,1
	db	1,1,1,1,1,1,1,1,1,1
;5
	db	1,1,1,1,1,1,1,1,1,1
	db	1,1,1,1,$1c,0,0,0,0,0
;6
	db	0,0,0,0,0,0,0,0,0,0
	db	0,0,0,0,$03,1,1,1,1,$02
;7
	db	0,0,$08,$10,0,0,$16,1,1,1
	db	$15,0,0,0,0,0,0,0,0,$18
;8
	db	$11,1,1,$02,0,0,0,0,0,0
	db	0,0,0,0,0,0,0,$16,1,1
;9
	db	1,1,1,1,1,1,1,1,0,1
	db	1,1,1,1,1,0,1,1,1,1
;10
	db	1,1,1,1,1,1,1,$02,0,0
	db	0,0,0,0,0,0,$03,1,1,1
;11
	db	1,1,1,1,1,1,1,1,1,1
	db	1,1,1,1,$09,$11,1,1,1,1
;12
	db	1,1,$1c,0,0,$03,1,1,1,1
	db	1,1,1,1,1,1,1,1,1,1
;13
	db	1,1,1,1,$15,0,0,$03,1,1
	db	1,1,1,1,1,1,$02,0,0,0
;14
	db	0,$18,$11,1,1,1,1,1,1,1
	db	1,1,1,1,1,1,1,1,1,1
;15
	db	1,1,1,0,0,0,0,0,0,0
	db	0,0,0,0,0,0,1,1,1,1
;16
	db	1,1,0,1,1,1,1,1,1,1
	db	1,1,1,1,1,1,1,1,0,0
;17
	db	0,0,1,1,1,1,1,0,0,0
	db	0,0,1,1,1,1,1,1,1,1
;18
	db	1,1,1,0,0,0,1,1,1,1
	db	1,1,1,1,1,1,1,1,1,1
;19
	db	0,0,0,0,0,0,0,0,0,0
	db	0,0,0,0,0,0,0,0,0,0
;20
	db	1,1,1,1,1,1,1,1,1,1
	db	1,1,1,1,1,0,0,$18,$11,1
;21
	db	1,1,1,1,1,1,1,1,1,1
	db	1,1,1,1,1,1,1,1,1,$1c
;22
	db	0,0,$03,1,1,1,1,1,1,1
	db	1,1,$15,0,0,0,0,0,0,0
;23
	db	1,0,0,$03,1,1,1,1,1,1
	db	1,1,0,0,0,$0a,$1a,0,0,0
;24
	db	0,0,$16,1,1,1,1,0,1,0
	db	1,0,1,0,1,0,1,0,1,0
;25
	db	1,1,1,$09,$1a,0,0,0,0,0
	db	0,0,0,0,0,0,0,$18,$0c,0
;26
	db	0,0,0,0,0,0,0,0,0,0
	db	0,0,0,0,0,0,$0f,1,1,1
;27
	db	1,1,1,1,1,1,1,1,1,1
	db	1,1,1,$13,$1a,0,0,0,0,0
;28
	db	0,0,0,0,$18,$11,1,1,1,1
	db	1,1,1,1,1,1,1,1,1,1
;29
	db	1,1,1,1,1,1,1,1,1,1
	db	1,1,1,1,1,1,1,1,1,1
;30
	db	1,1,1,$02,0,0,0,0,$0f,1
	db	1,1,1,1,1,1,1,1


line9	db	1,1
;1
	db	1,1,1,1,1,1,1,1,1,1
	db	1,1,1,1,1,1,1,1,1,1
;2
	db	1,1,1,1,1,1,1,1,1,1
	db	1,1,1,1,1,1,1,1,1,1
;3
	db	1,1,1,1,1,1,1,1,1,1
	db	1,1,1,1,1,1,1,1,1,1
;4
	db	1,1,1,1,1,1,1,1,1,1
	db	1,1,1,1,1,1,1,1,1,1
;5
	db	1,1,1,1,1,1,1,1,1,1
	db	1,1,1,1,1,1,1,1,1,1
;6
	db	1,1,$09,$1a,0,0,0,0,0,$03
	db	1,1,1,1,1,1,1,1,1,1
;7
	db	$13,$1a,0,0,0,$18,$07,1,1,1
	db	1,$13,$1a,$18,$11,1,1,1,1,1
;8
	db	1,1,1,1,1,1,1,1,1,1
	db	1,1,$09,$1a,0,0,$0a,$07,1,1
;9
	db	1,1,1,1,1,1,1,1,1,1
	db	1,1,1,1,1,1,1,1,1,1
;10
	db	1,1,1,1,1,1,1,1,1,1
	db	1,1,1,1,1,1,1,1,1,1
;11
	db	1,1,1,1,1,1,1,1,1,1
	db	1,1,1,1,1,1,1,1,1,1
;12
	db	1,1,1,1,1,1,1,1,1,1
	db	1,1,1,1,1,1,1,1,1,1
;13
	db	1,1,1,1,1,1,1,1,1,1
	db	1,1,1,1,1,1,1,1,1,1
;14
	db	1,1,1,1,1,1,1,1,1,1
	db	1,1,1,1,1,1,1,1,1,1
;15
	db	1,1,1,1,1,1,1,1,1,1
	db	1,1,1,1,0,1,1,1,1,1
;16
	db	1,1,0,1,1,1,1,1,1,1
	db	1,1,1,1,1,1,1,1,0,0
;17
	db	0,0,0,0,0,0,0,0,0,0
	db	0,0,1,1,1,1,1,1,1,1
;18
	db	1,1,1,1,1,1,1,1,1,1
	db	1,1,1,1,1,1,1,1,1,1
;19
	db	0,0,0,0,0,0,0,0,0,0
	db	0,0,0,0,0,0,0,0,0,0
;20
	db	1,1,1,1,1,1,1,1,1,1
	db	1,1,1,1,1,1,1,1,1,1
;21
	db	1,1,1,1,1,1,1,1,1,1
	db	1,1,1,1,1,1,1,1,1,1
;22
	db	1,1,1,1,1,1,1,1,1,1
	db	1,1,1,1,1,1,1,1,1,1
;23
	db	1,1,1,1,1,1,1,1,1,1
	db	1,1,$18,$0c,$0f,1,1,1,1,1
;24
	db	1,1,1,1,1,1,1,1,1,1
	db	1,1,1,1,1,1,1,1,1,1
;25
	db	1,1,1,1,1,$13,$1a,0,0,0
	db	0,0,0,0,0,$18,$07,1,1,1
;26
	db	1,1,1,1,$13,$1a,0,0,0,0
	db	0,0,0,0,0,$03,1,1,1,1
;27
	db	1,1,1,1,1,1,1,1,1,1
	db	1,1,1,1,1,1,1,1,1,1
;28
	db	1,1,1,1,1,1,1,1,1,1
	db	1,1,1,1,1,1,1,1,1,1
;29
	db	1,1,1,1,1,1,1,1,1,1
	db	1,1,1,1,1,1,1,1,1,1
;30
	db	1,1,1,1,1,1,1,1,1,1
	db	1,1,1,1,1,1,1,1
